18320.71
11308.57
15727.6
52532.34
232684.36
220686.09
23026.79
117346.84
137960.19
8921.81
17356.29
11398.76
106000.35
315562.62
75607.05
60372.84
22182.95
12959.01
63352.35
18792.61
16105.47
14605.4
7815.61
44446.02
11936.16
702236.15
373148.92
242996.6
346716.25
570401.69
59613.15
5950.11
15364.25
12665.79
14508.59
61935.26
48001.77
67753.0
128731.78
51920.77
10607.87
175894.24
271612.45
6776.85
28799.69
148042.88
14182.6
90222.03
28629.07
101347.52
59171.43
29361.33
9950.32
51934.07
38574.42
29584.11
65446.04
158943.26
129344.56
20473.98
19238.96
211543.5
9375.0
610199.9
555584.06
31467.0
11063.34
73416.4
35868.06
10685.86
36022.65
297401.58
25925.22
19579.2
82770.39
52978.75
12808.09
34874.29
10329.6
13236.36
14408.87
708333.16
477708.08
15628.94
16105.57
44183.98
394679.26
70381.76
8881.66
163198.72
69015.49
33819.24
40766.37
12776.23
34206.27
85461.67
149898.58
19431.58
35525.08
31216.79
41959.11
38187.17
154253.97
12369.67
25832.84
18148.68
9034.55
16786.12
29132.43
13864.59
43006.81
9606.05
6460.48
14229.14
24042.56
49734.39
141814.4
59045.45
20317.84
462433.88
31979.34
10141.87
694322.73
6650.92
8321.84
164751.55
597980.31
16863.54
68031.95
76429.83
19126.78
27639.57
10542.89
68558.3
13269.69
161900.91
17207.57
102900.9
90518.28
20732.96
22049.67
37109.6
21931.87
225135.4
45706.21
40839.34
53766.77
19028.34
48361.7
101145.11
104167.87
66159.92
32434.9
16934.55
15387.96
15471.58
511356.46
21785.07
11032.89
74131.06
14089.26
16386.38
11331.26
103320.98
10758.14
10631.37
349222.38
159803.51
11662.21
22430.29
47544.36
504679.31
11881.8
181125.89
17457.9
60371.02
9819.65
46263.18
33135.63
144858.68
10239.9
140752.25
10042.06
13638.62
122797.63
76638.16
38029.21
14873.58
14936.4
139646.73
17327.6
80775.45
165481.91
17590.04
15574.93
56725.36
224928.97
10815.66
32614.02
13480.28
24726.31
422676.83
13093.86
113379.7
13039.72
15447.35
65596.69
66970.21
75485.71
16669.24
171596.89
17974.64
18446.73
36758.13
755156.09
16039.51
11299.44
79178.42
118327.97
195212.87
12381.94
15231.08
11616.17
10160.19
16534.86
405761.89
22675.48
116433.77
11471.06
250797.5
18498.9
9772.04
16637.37
74721.16
7751.81
12692.51
919264.03
10948.07
24906.08
52144.64
14319.52
9618.98
11229.34
49087.58
59699.38
51154.54
17264.41
12270.57
83155.86
17936.47
67295.15
17686.73
402312.15
61351.21
14499.69
110149.3
29698.35
512687.67
12823.5
414425.15
34537.44
20422.52
10807.57
142499.48
78606.93
664763.89
35224.37
107146.85
30805.51
12002.64
8280.54
19678.95
24405.04
644248.85
99136.9
10190.98
22563.64
21711.49
26824.48
13515.46
92483.61
107588.57
9966.19
16382.1
34479.5
14155.7
13013.26
23962.28
10730.98
755226.99
90239.67
13956.33
88116.64
46750.5
62251.04
23643.6
76276.37
223639.78
8260.23
11994.81
47219.89
6611.16
9911.56
42529.28
202097.02
17603.59
66154.32
9105.98
15018.82
54270.69
94536.93
22080.9
5936.46
11073.77
39046.79
673784.01
316515.87
11736.18
19071.2
737766.16
41477.52
17196.92
1022622.91
139861.42
53458.29
10628.67
46483.49
334629.8
272390.3
12149.98
17372.58
56042.89
416129.52
14091.72
41356.48
225299.17
14345.44
17660.34
16044.67
13193.38
10057.05
10000.28
19854.08
34734.95
49257.42
13170.73
13895.0
10021.53
26453.58
26410.71
13652.23
34726.1
25998.24
28794.15
72941.53
65991.2
44782.57
40612.17
39702.05
19041.47
18292.99
67757.66
90340.75
102824.84
11603.85
87380.57
655590.11
478797.26
34396.83
3562649.44
18971.31
15730.81
12801.05
96130.16
246609.93
50188.96
10687.08
43628.88
17166.05
41053.73
103988.46
52165.61
67958.24
47459.74
9633.73
128385.45
26140.32
84836.36
606865.98
19783.17
109709.69
12017.71
16525.94
58596.68
80402.45
100734.17
12744.61
124164.77
9733.97
13095.74
12052.43
46099.75
30887.09
38270.95
372095.17
12987.84
15298.2
11612.43
36896.06
58200.17
14563.96
15710.98
18511.03
16512.29
20087.38
84853.4
9523.17
7997.06
1519153.54
27657.17
13616.32
89201.64
19308.72
20259.67
11878.91
202651.97
31272.19
172192.19
9145.44
20232.67
88080.07
96146.05
82906.71
8800.7
408753.61
44293.49
13285.29
315538.86
69989.97
16063.51
13484.63
114966.75
37830.23
7217.86
42662.52
31430.32
42461.97
9523.26
16776.59
107095.86
67768.17
35513.35
12748.14
19475.94
33793.64
22989.9
76666.26
13174.26
6701.49
10807.22
8367.9
103463.74
19817.35
81719.61
51012.07
18458.29
18144.57
9844.12
62144.63
12752.08
49422.24
313671.2
11495.99
19062.08
154720.34
47445.54
86927.1
32846.78
23086.96
342065.73
19209.94
82522.6
51512.43
70121.66
243176.52
1126532.33
492238.04
163772.73
9791.39
7373.46
13271.39
16214.74
22117.65
44821.26
20757.96
62679.71
14205.26
9200.57
15213.56
46011.33
23673.27
27087.77
89731.21
12805.78
10406.35
16755.96
58562.52
9872.7
1035323.86
22975.02
86607.55
120695.49
55426.14
17576.98
461975.42
10835.29
14954.28
11798.91
10633.78
394259.73
11901.47
8580.59
100076.56
15479.25
9915.69
59588.51
285187.89
12834.48
488304.06
20628.47
7996.05
23823.06
44011.46
26511.87
57958.29
1278458.59
58385.57
282019.39
13607.93
8485.96
10579.95
155011.35
13692.95
40439.4
10109.62
10274.27
52090.1
17175.11
10257.89
10014.88
21327.44
63374.53
16618.49
100681.51
713675.34
177881.88
183083.07
11770.72
276773.08
78734.21
163854.08
81268.63
52904.33
11427.46
74455.6
36419.12
903976.71
80589.77
12535.16
16089.87
24296.19
597711.52
14224.61
72304.66
15069.57
35407.74
39399.91
1451495.49
115130.78
22244.84
14850.63
13423.49
23590.45
79074.93
12944.4
59710.75
22955.97
27238.01
16987.06
33516.68
12724.13
15509.86
8839.75
16786.85
15361.39
13911.34
24296.61
17961.78
20298.71
241687.08
115702.01
4715.62
28999.12
110054.84
86596.53
18017.3
16315.33
30049.2
13262.83
155629.08
159492.67
100148.92
431783.47
22198.78
79215.92
11479.54
12364.91
19437.3
2849108.05
89936.82
214626.18
53734.74
38722.52
14089.8
124486.47
43230.42
98744.37
13326.86
93657.39
124021.36
266757.79
17948.82
17245.4
10412.72
96396.84
257134.75
141288.99
22369.69
19868.79
41256.83
21174.24
17786.13
344196.45
33010.03
18910.0
37903.53
15088.48
44521.33
10729.9
131538.25
144581.03
81812.79
9654.34
9673.22
14031.63
18354.24
75165.87
40718.37
11965.46
24800.8
224822.57
39021.02
20400.83
50714.3
31246.94
125970.59
89825.01
14829.6
115249.11
13957.36
115540.04
20475.69
9490.99
73357.32
21702.64
12786.97
14517.41
10509.79
12924.84
36492.77
30291.93
598959.2
126819.29
46465.64
237741.99
9533.3
19089.93
8041.39
76742.5
11373.03
10204.09
37845.62
5432.0
13175.11
77616.97
14075.13
19064.22
43028.73
10345.34
25375.75
11662.05
188025.43
81573.84
14426.85
108105.46
14130.56
48829.36
14362.7
178327.86
26387.14
12609.65
172884.99
13856.42
109999.44
45298.25
7840.59
13267.48
201058.54
264619.66
6379.04
21748.28
134184.27
112284.05
19401.09
7365.69
16965.1
19876.96
8460.91
919180.71
262194.49
131541.77
38974.16
22707.11
130341.08
52788.68
8884.49
10768.4
14115.94
22950.21
854813.71
72785.8
24809.57
17013.94
941116.43
16625.43
9682.03
12711.45
20656.37
328733.49
8321.63
16759.6
9311.73
263665.02
19888.13
35919.81
31477.26
587922.08
30529.31
55346.12
50353.52
281340.93
58514.32
1038287.94
13711.24
37985.46
158624.55
7651.19
132293.61
29862.78
8099.13
15203.83
9842.39
9533.42
31457.36
23673.42
167295.92
9061.48
44094.11
62129.03
148043.83
78319.53
77708.89
279647.58
49103.82
50323.84
287649.83
86744.55
197266.67
39338.43
24166.28
15653.49
52261.68
81690.2
11910.05
9573.52
10380.65
166887.13
361112.38
63577.93
76725.94
76087.87
17731.31
10211.9
6467.36
22814.62
16333.96
23452.5
187881.57
45387.75
11943.67
201272.72
17716.84
41072.5
11928.63
19430.09
11260.06
14502.46
14121.55
49709.48
128258.3
822688.0
25567.28
60567.24
28711.5
59378.87
42525.7
22841.0
18014.34
32234.33
13093.29
37272.02
9925.08
12764.96
30636.19
116559.58
18853.46
15986.76
77244.86
19811.86
10263.01
8555.29
14462.8
14893.79
178075.24
16797.25
14212.99
46944.01
130962.8
16266.48
135592.07
8492.7
72742.38
1136605.01
143695.45
131807.39
614001.47
21665.87
102192.53
170623.17
13688.56
16633.89
311898.97
7078.76
103795.52
14730.96
164192.42
17788.07
62663.09
616371.48
15006.79
22527.16
10543.75
7491.74
67483.7
1346129.49
428280.11
